16
16
16
16
16
16
16
16
16
16
16
16
16
16
16
16
16
16
16
16
16
16
16
16
16
16
16
16
16
16
16
16
16
16
16
16
16
16
16
16
16
16
16
16
16
16
16
16
16
16
16
16
16
16
16
16
16
16
16
16
16
16
16
16
16
16
16
16
16
16
16
16
16
16
16
16
16
16
16
16
16
16
16
16
16
16
16
16
16
16
16
16
16
16
16
16
16
16
16
16
16
16
16
16
16
16
16
16
16
16
16
16
16
16
16
16
16
16
16
16
16
16
16
16
16
16
16
16
16
16
16
16
16
16
16
16
16
16
16
16
16
16
16
16
16
16
16
16
16
16
16
16
16
16
16
16
16
16
16
16
16
16
16
16
16
16
16
17
25
89
89
89
89
89
89
89
89
89
88
80
16
16
17
25
89
89
89
89
89
89
89
89
89
88
80
16
16
19
27
219
219
219
219
219
219
219
219
219
216
208
16
16
19
27
219
219
219
219
219
219
219
219
219
216
208
16
16
23
63
511
511
511
511
511
511
511
511
511
504
464
16
16
23
63
511
511
511
511
511
511
511
511
511
505
473
89
89
95
127
511
511
511
511
511
511
511
511
511
504
464
16
16
23
63
511
511
511
511
511
511
511
511
511
506
466
146
146
151
191
511
511
511
511
511
511
511
511
511
504
464
16
16
23
63
511
511
511
511
511
511
511
511
511
509
509
381
381
383
383
511
511
511
511
511
511
511
511
511
504
464
16
16
23
63
511
511
511
511
511
511
511
511
511
506
466
146
146
151
191
511
511
511
511
511
511
511
511
511
504
464
16
16
23
63
511
511
511
511
511
511
511
511
511
508
500
308
308
311
319
511
511
511
511
511
511
511
511
511
504
464
16
16
23
63
511
511
511
511
511
511
511
511
511
504
464
16
16
23
63
511
511
511
511
511
511
511
511
511
504
464
16
16
23
63
511
511
511
511
511
511
511
511
511
504
464
16
16
22
54
438
438
439
446
502
438
438
438
439
440
464
16
16
23
62
502
438
438
438
438
438
438
438
439
440
464
16
16
20
52
308
308
311
316
500
308
308
308
311
312
464
16
16
23
60
500
308
308
308
308
308
308
308
311
312
464
16
16
16
16
16
16
23
57
472
80
16
16
23
56
464
16
16
23
56
464
16
16
16
16
16
16
16
23
56
464
16
16
16
16
16
16
22
51
409
217
88
80
23
56
464
16
16
23
56
464
16
16
16
16
16
16
16
23
56
464
16
16
16
16
16
17
29
127
379
475
217
217
95
120
464
16
16
23
56
465
25
89
89
89
89
89
89
95
120
464
16
16
16
16
16
19
27
223
255
511
507
475
223
248
464
16
16
23
56
467
27
219
219
219
219
219
219
223
248
464
16
16
16
16
16
23
63
511
511
511
511
511
511
504
464
16
16
23
56
471
63
511
511
511
511
511
511
511
504
464
16
16
16
16
16
23
63
511
511
511
511
511
511
504
464
16
16
23
56
471
63
511
511
511
511
511
511
511
504
464
16
16
16
16
16
23
63
511
511
511
511
511
511
504
464
16
16
23
56
471
63
511
511
511
511
511
511
511
504
464
16
16
16
16
16
23
63
511
511
511
511
511
511
504
464
16
16
23
56
471
63
511
511
511
511
511
511
511
504
464
16
16
16
16
16
23
63
511
511
511
511
511
511
504
464
16
16
23
56
471
63
511
511
511
511
511
511
511
504
464
16
16
16
16
16
23
63
511
511
511
511
511
511
504
464
16
16
23
56
471
63
511
511
511
511
511
511
511
504
464
16
16
16
16
16
23
63
511
511
511
511
511
511
504
464
16
16
23
56
471
63
511
511
511
511
511
511
511
504
464
16
16
16
16
16
22
54
438
438
438
438
438
439
440
464
16
16
23
56
471
63
511
511
511
511
511
511
511
504
464
16
16
16
16
16
20
52
308
308
308
308
308
311
312
464
16
16
23
56
471
63
511
511
511
511
511
511
511
504
464
16
16
16
16
16
16
16
16
16
16
16
16
23
56
464
16
16
23
56
470
54
438
438
438
438
438
438
438
432
400
16
16
16
16
16
16
16
16
16
16
16
16
23
56
464
16
16
23
56
468
52
308
308
308
308
308
308
308
304
272
16
16
16
16
16
16
16
16
16
16
16
16
23
56
464
16
16
23
56
464
16
16
16
16
16
16
16
16
16
16
16
16
16
16
16
16
16
16
16
16
16
16
23
56
464
16
16
23
56
464
16
16
16
16
16
16
16
16
16
16
16
16
16
16
16
16
16
16
16
16
16
16
23
56
464
16
16
23
56
464
16
16
16
16
16
16
16
16
16
16
16
16
16
16
16
16
16
16
16
16
16
16
23
56
464
16
16
23
56
465
25
89
89
89
89
89
89
89
88
80
16
16
16
16
16
16
16
16
16
16
16
16
23
56
464
16
16
23
56
467
27
219
219
219
219
219
219
219
216
208
16
16
16
16
17
25
89
89
89
89
89
89
95
120
464
16
16
23
56
471
63
511
511
511
511
511
511
511
504
464
16
16
16
16
19
27
219
219
219
219
219
219
223
248
464
16
16
23
56
471
63
511
511
511
511
511
511
511
504
464
16
16
16
16
23
63
511
511
511
511
511
511
511
504
464
16
16
23
56
471
63
511
511
511
511
511
511
511
504
464
16
16
16
16
23
63
511
511
511
511
511
511
511
504
464
16
16
23
56
471
63
511
511
511
511
511
511
511
504
464
16
16
16
16
23
63
511
511
511
511
511
511
511
504
464
16
16
23
57
479
127
511
511
511
511
511
511
511
504
464
16
16
16
16
23
63
511
511
511
511
511
511
511
504
464
16
16
22
50
407
191
511
511
511
511
511
511
511
504
464
16
16
16
16
23
63
511
511
511
511
511
511
511
504
464
16
16
20
52
311
319
511
511
511
511
511
511
511
504
464
16
16
16
16
23
63
511
511
511
511
511
511
511
504
464
16
16
16
16
22
54
438
438
438
438
438
438
438
432
400
16
16
16
16
23
63
511
511
511
511
511
511
511
504
464
16
16
16
16
20
52
308
308
308
308
308
308
308
304
272
16
16
16
16
23
63
511
511
511
511
511
511
511
504
464
16
16
16
16
16
16
16
16
16
16
16
16
16
16
16
16
16
16
16
23
63
511
511
511
511
511
511
511
504
464
16
16
16
16
16
16
16
16
16
16
16
16
16
16
16
16
16
16
16
22
54
438
438
438
438
438
438
438
432
400
16
16
16
16
16
16
16
16
16
16
16
16
16
16
16
16
16
16
16
20
52
308
308
308
308
308
308
308
304
272
16
16
16
16
16
16
16
16
16
16
16
16
16
16
16
16
16
16
16
16
16
16
16
16
16
16
16
16
16
16
